0.0000 0.0161
0.0000 0.0403
0.0000 0.5052
0.0000 0.0933
0.0000 0.2180
0.0000 0.5043
0.0000 0.4700
0.0000 0.2114
0.0000 0.1463
0.0000 0.2857
0.0000 0.5333
0.0000 0.0000
0.0000 0.2727
0.0000 0.4702
0.0000 0.1558
0.0000 0.5865
0.0000 0.1640
0.0000 0.0818
0.0000 0.1148
0.0000 0.2927
0.1111 0.5556
0.1111 0.4421
0.1111 0.5000
0.2222 0.0909
0.2222 0.2800
0.2222 0.6972
0.2222 0.7077
0.2222 0.2817
0.2222 0.6561
0.2222 0.4012
0.3333 0.5117
0.3333 0.4178
0.3333 0.5826
0.3333 0.6716
0.3333 0.5188
0.3333 0.7391
0.3333 0.2332
0.3333 0.5259
0.3333 0.1765
0.3333 0.6571
0.3333 0.6842
0.3333 0.0833
0.3333 0.4054
0.4444 0.7015
0.4444 0.0838
0.4444 0.5281
0.4444 0.5517
0.4444 0.2500
0.4444 0.3234
0.4444 0.3571
0.4444 0.7980
0.5000 0.5443
0.5000 0.9600
0.5000 0.3542
0.5000 0.5399
0.5556 0.4198
0.5556 0.7249
0.5556 0.6908
0.5556 0.5714
0.5556 0.6235
0.5556 0.7407
0.6667 0.3729
0.6667 0.7868
0.6667 0.4677
0.6667 0.9041
0.6667 0.8889
0.6667 0.7452
0.6667 0.6315
0.6667 0.9115
0.6667 0.6515
0.6667 0.6875
0.6667 0.7765
0.6667 0.5407
0.7778 0.7419
0.7778 0.8600
0.7778 0.8474
0.7778 0.8757
0.7778 0.7379
0.7778 0.6652
0.8333 0.8529
0.8333 0.4930
0.8333 0.8716
0.8889 0.8041
0.8889 0.6298
0.8889 0.7778
0.8889 0.6056
0.8889 0.7602
0.8889 0.7901
0.8889 0.4984
0.8889 0.7320
0.8889 0.9039
0.8889 0.5612
0.8889 0.8710
0.8889 0.6379
1.0000 0.7719
1.0000 0.8534
1.0000 0.7190
1.0000 0.9228
1.0000 0.8358
1.0000 0.9630
1.0000 0.8763
1.0000 0.7460
1.0000 0.9286
1.0000 0.5517
1.0000 0.7903
1.0000 0.8600
1.0000 0.8971
1.0000 0.5273
1.0000 0.7400
1.0000 0.6087
1.0000 0.8182
1.0000 0.9338
1.0000 0.7746
1.0000 0.6078
1.0000 0.8638
1.0000 0.8621
1.0000 0.7391
1.0000 0.8355
1.0000 0.8356
1.0000 0.7458
1.0000 0.4500
1.0000 0.8295
1.0000 0.9661
1.0000 0.9569
1.0000 0.6954
1.0000 0.8787
