0.0000 0.0357   0   0   0   0   0   0
0.0000 0.1880  13   5   7   0   0   0
0.0000 0.0887   6   6   6   0   0   0
0.0000 0.0909   0   0   0   0   0   0
0.0000 0.0000   0   0   0   0   0   0
0.0000 0.0139   0   0   1   0   0   0
0.0000 0.0484   0   0   1   0   0   0
0.0000 0.4017  66   6  11   0   0   0
0.0000 0.0629   5   2   0   0   0   0
0.0000 0.1463   3   5   3   0   0   0
0.0000 0.0000   0   0   0   0   0   0
0.0000 0.1364  17   5   2   0   0   0
0.0000 0.3488  41   6   3   0   0   0
0.0000 0.0082   0   0   0   0   0   0
0.0000 0.4021 104  14  10   0   0   0
0.0000 0.0000   0   0   0   0   0   0
0.0000 0.0819  33   3   2   0   0   0
0.1111 0.3222  23   2   2   0   0   1
0.1111 0.2941   4   3   1   0   1   0
0.1111 0.2676  20   6   2   0   0   1
0.1111 0.2632  11   9   9   0   0   0
0.1111 0.2817   9   2   1   0   0   0
0.1111 0.6602  51   9   2   0   0   0
0.2222 0.5096  43   3   2   2   0   0
0.2222 0.6447  80   6   5   0   1   0
0.2222 0.6652 259  24  12   0   0   0
0.2222 0.1250   0   0   0   0   0   2
0.2222 0.2584  12   3   2   0   1   0
0.2222 0.3500   3   2   0   1   0   0
0.3333 0.0826   3   1   2   3   0   0
0.3333 0.5639  65   3   2   3   0   0
0.3333 0.6119  51  11   5   3   0   0
0.3333 0.6094  85  10   4   3   0   0
0.3333 0.5962 100  10   3   0   3   0
0.3333 0.0400   0   1   0   0   0   0
0.3333 0.5846  26   6   1   3   0   0
0.3333 0.3134  44   4   3   3   0   0
0.3333 0.6322 169  24  15   3   0   0
0.3333 0.2400   3   0   2   3   0   0
0.3333 0.4598  29   2   3   3   0   0
0.3333 0.4444   0   2   3   0   2   0
0.3333 0.0714   2   0   0   3   0   0
0.3333 0.4146  32   6   4   3   0   0
0.3333 0.5789  11   0   0   3   0   0
0.3333 0.5070  84   3   9   3   0   0
0.4444 0.7560 112   7   0   3   0   0
0.4444 0.7174 141   7   4   3   0   1
0.4444 0.7152 331  49  27   3   0   0
0.4444 0.4688  52   6   9   3   0   0
0.4444 0.4695  97   0   0   3   1   0
0.4444 0.6225 100  14   3   3   0   1
0.4444 0.7414  39   2   0   3   0   0
0.4444 0.3297  68  17  12   4   0   0
0.5556 0.5405  85  13   2   0   2   0
0.5556 0.5263  22   1   2   5   0   0
0.5556 0.2941   2   2   0   3   0   0
0.5556 0.6835  39   6   3   5   0   0
0.5556 0.5012 135  24  14   3   1   0
0.6667 0.5038 105  11   5   6   0   0
0.6667 0.9206  53   2   1   6   0   0
0.6667 0.6364  28   1   4   6   0   0
0.6667 0.8818 173   1   0   3   1   0
0.6667 0.5882 100  10   7   3   1   0
0.6667 0.9120 110   3   0   6   0   0
0.6667 0.7059 104   3   5   6   0   0
0.6667 0.5497 149  17  10   6   0   0
0.6667 0.6354  85  12   4   6   0   0
0.6667 0.7237 197   7   4   6   0   0
0.6667 0.8535 156   6   1   6   0   0
0.6667 0.2238 107  10   9   6   0   0
0.6667 0.6353  40   7   1   3   1   0
0.6667 0.3790  37   4   3   6   0   0
0.6667 0.7536  86   8   1   6   0   0
0.6667 0.8421 297  14   4   6   0   0
0.6667 0.5517 201  13   8   6   0   0
0.6667 0.8425 101   8   5   6   0   0
0.6667 0.7423  63   6   1   6   0   0
0.6667 0.7500  77   4   1   6   0   0
0.6667 0.9538 235   3   6   6   0   0
0.6667 0.5593 130   9   5   6   0   0
0.6667 0.5655 150   8   4   6   0   0
0.6667 0.7419  93   7   8   6   0   0
0.7778 0.7778 123   3   3   5   1   0
0.7778 0.8049 172  12   4   7   0   0
0.7778 0.8536 255   7   2   3   0   3
0.7778 0.5889  61  14   7   6   0   0
0.7778 0.5544 139   8   5   6   0   1
0.7778 0.8235 150   9   0   6   0   1
0.7778 0.7488 122  11   4   6   0   0
0.7778 0.9074 238   2   4   7   0   0
0.8889 0.6497 118   3   4   8   0   0
0.8889 0.9096 143  12   0   8   0   0
0.8889 0.7429  67   3   1   5   1   0
0.8889 0.6377  65   6   4   8   0   0
0.8889 0.8152 240  10   3   8   0   0
0.8889 0.6000 147   9  10   8   0   0
0.8889 0.9274 107   5   1   8   0   0
0.8889 0.8767  58   1   2   8   0   0
0.8889 0.8636  71   0   0   8   0   0
1.0000 0.8996 219   5   1   9   0   0
1.0000 0.8836 183  12   4   9   0   0
1.0000 0.7521  87   1   0   9   0   0
1.0000 0.8522 226   6   7   6   2   0
1.0000 0.8299 148   5   4   9   0   0
1.0000 0.7782 163  11   2   9   0   0
1.0000 0.9337 180   1   0   9   0   0
1.0000 0.8387 140   3   5   9   0   0
1.0000 0.8600 225   8   5   9   0   0
1.0000 0.7269 148   7   1   9   0   0
1.0000 0.8889 196   8   6   9   0   0
1.0000 0.7183  38   4   0   9   0   0
1.0000 0.9400  45   0   0   9   0   0
1.0000 0.5924 106   2   0   9   0   0
1.0000 0.9265 124   0   0   9   0   0
1.0000 0.7725 157  15  10   6   1   0
1.0000 0.8638 144  17  11   9   0   0
1.0000 0.9253 219  23   2   9   0   0
1.0000 0.8531 145   0   4   9   0   0
1.0000 0.6852 169  22  15   9   0   0
1.0000 0.8533 116   7   1   9   0   0
1.0000 0.9539 138   2   1   9   0   0
1.0000 0.7910 111   9   6   9   0   0
1.0000 0.8991  90   5   1   9   0   0
1.0000 0.9397 106   0   0   9   0   0
1.0000 0.7879 317  25  13   9   0   0
1.0000 0.8529 218   5   0   9   0   0
